Webots Project File version R2025a
perspectives: 000000ff00000000fd0000000200000001000001ef00000511fc0200000001fb0000001400540065007800740045006400690074006f00720100000017000005110000003f00ffffff0000000300000a00000000bafc0100000001fb0000001a0043006f006e0073006f006c00650041006c006c0041006c006c010000000000000a000000006900ffffff0000080f0000051100000001000000020000000100000008fc00000000
simulationViewPerspectives: 000000ff00000001000000020000015b0000026a0100000002010000000100
sceneTreePerspectives: 000000ff00000001000000030000001d00000227000000fa0100000002010000000200
maximizedDockId: -1
centralWidgetVisible: 1
orthographicViewHeight: 1
textFiles: -1
consoles: Console:All:All
renderingDevicePerspectives: car:car_camera;0;0.851563;0.221683;0.431159
renderingDevicePerspectives: car:road_camera;1;2;0;0.482597
